% -------------------------------------------------------------------
%  Generated by MATLAB on 22-Dec-2017 21:08:33
%  MATLAB version: 8.3.0.532 (R2014a)
% -------------------------------------------------------------------
                                 

sol = [3.2924760972495113; 3.297647909464386; 6.7521922730554227; 1710.3280375051745; ...
       752.5388857728741; 3.2428943754915354; 44.999187684385646; 2583.0071610094606; ...
       6.7544885700109383; 23.459246931739756; 0.018913919759899908; 45.999082751749881; ...
       187.76024496411623];

