function h = FuncHsw(T, x)

h = -0.033635409 + 4.207557011*T - 6.200339e-4*T.^2 + 4.459374e-6*T.^3 - 1e-3*x.*(-2.348e4 + 3.152e5*x + 2.308e6*x.^2 - 1.446e7*x.^3 + 7.826e3*T - 4.417e1*T.^2 + 2.139e-1*T.^3 - 1.991e4*x.*T + 2.778e4*x.^2.*T + 9.728e1*x.*T.^2);

end