function h = FuncHsatv(T)

h = 2501.689845 + 1.806916015*T + 5.087717e-4*T.^2 - 1.1221e-5*T.^3;

end